-0.172373 -0.952571 -1.41443 0.04858 -0.700742 0.710658 0.0395604
-0.183049 -0.955459 -1.61577 0.0484125 -0.700134 0.71124 0.0400837
-0.370691 -0.956596 -1.40289 0.0493594 -0.70088 0.71049 0.039183
-0.38249 -0.958972 -1.60402 0.0485467 -0.700167 0.711203 0.0399971
0.0273945 -0.94966 -1.42716 0.0483419 -0.700439 0.710958 0.0398453
0.0168947 -0.952045 -1.62798 0.0479618 -0.699894 0.7115 0.0401966
-0.174947 -1.05487 -1.51436 0.0485592 -0.70049 0.710899 0.0397245
-0.178509 -0.854226 -1.5163 0.0489418 -0.700233 0.711114 0.0399497
-0.0186378 -1.18107 -1.73268 0.0710262 0.74171 -0.644168 -0.172825
0.291936 -0.967668 -1.37381 -0.0231215 0.771757 -0.572213 0.276456
0.0518731 -1.01984 -1.42497 -0.090971 -0.692011 0.701199 -0.145485
-0.219383 -1.12086 -1.43403 -0.214973 -0.568476 0.766906 0.206101
-0.30655 -1.12805 -1.39131 -0.133859 -0.638121 0.743945 -0.146387
-0.210792 -1.0798 -1.53834 0.112038 -0.568609 0.788224 -0.206964
-0.155119 -0.783433 -1.59697 -0.0198752 0.821163 -0.568552 -0.0452175
0.0898287 -0.99251 -1.58941 0.356526 0.69792 -0.615242 0.0852832
-0.0131464 -1.17439 -1.63815 0.269707 -0.621281 0.642632 -0.358177
0.222117 -1.09114 -1.36327 0.0149883 0.851917 -0.51791 0.0760402
0.241538 -1.12605 -1.39515 0.180656 0.74436 -0.613711 -0.191443
-0.17208 -1.07205 -1.45365 0.0185768 -0.693505 0.720211 0.00121344
-0.338574 -1.04697 -1.51192 0.200387 -0.567101 0.785614 -0.145095
-0.295656 -0.885565 -1.45175 -0.110139 0.77064 -0.561821 0.279892
-0.465565 -1.36719 -1.44875 0.0757613 -0.409442 0.791019 -0.448227
-0.536044 -1.20746 -1.34106 0.0193701 -0.640539 0.71096 0.289604
-0.420709 -1.07422 -1.50242 0.344568 -0.644747 0.655652 -0.188931
-0.282565 -1.02145 -1.55103 0.124341 -0.605883 0.608515 -0.497146
0.131002 -0.95222 -1.32547 0.207093 0.726562 -0.606724 0.247197
-0.00955798 -1.11553 -1.57255 0.0366368 -0.551478 0.706695 -0.441715
0.183278 -1.23432 -1.65663 -0.251704 -0.66666 0.698959 0.0605441
0.372817 -1.3942 -1.59282 -0.506437 -0.552052 0.647495 0.139684
0.0574876 -1.13939 -1.48762 -0.383806 0.729918 -0.56549 -0.0115689
-0.248327 -1.15932 -1.60827 0.152347 -0.546783 0.644273 -0.512572
